with clean data
10000 time 3:00
[136, 975, 1326, 1535, 1647, 1814, 2456, 2724, 3154, 3216, 3320, 3642, 3682, 
3798, 4004, 4534, 4797, 4814, 4865, 5006, 5754, 5803, 6031, 6688, 6694, 7501, 
8079, 8161, 8702, 8754, 9103, 9576]

10000 time 8:04
0.4>
[104, 136, 880, 1166, 2025, 2218, 2456, 2599, 2865, 2903, 2939, 3120, 3154, 
3216, 3320, 3634, 3922, 4004, 4017, 4091, 4501, 4621, 4753, 4797, 4865, 5153, 
5782, 5803, 5926, 6266, 6318, 6651, 6745, 7120, 7238, 7384, 7407, 7882, 7884, 
8161, 8315, 8339, 8754, 8959, 9225, 9482, 9753, 9839, 10102, 10119, 10207, 10823, 
10853, 10994, 11057, 11161, 11221, 11465, 11494, 11771, 11848, 11857, 12111, 12237, 
12246, 12256, 12300, 12331, 12615, 12616, 12745, 12980, 13168, 13194, 13255, 13299, 
13386, 13446, 13768, 13959, 14075, 14214, 14315, 14515, 14565, 14634, 15049, 15142, 
15143, 15207, 15388, 15456, 15505, 15555, 15573, 15574, 15704, 15752, 15904, 15937, 
15988, 16059, 16102, 16197, 16382, 16725, 16786, 16844, 16917, 17034, 17138, 17214, 
17253, 17288, 17407, 17551, 17768, 17769, 17897, 17901, 18510, 18736, 18997, 19379, 
19900, 19955, 20011, 20185, 20272, 20366, 20395, 20766, 20923, 21840, 22503, 22786, 
23262, 24189, 24230, 24249, 24666, 24710, 25076, 25562, 25623, 25976, 25987, 26034, 
26081, 26321, 26523, 26578, 26699, 26772, 27375, 27645, 27961, 28041, 28470, 28506, 
28558, 28732, 28895, 29514, 29643, 29657, 29718, 29861]